estimator cv:
{'param_logistic__C': masked_array(data=[1e-06, 1e-06, 1e-06, 1e-06, 1e-06, 1e-06,
                   6.309573444801929e-05, 6.309573444801929e-05,
                   6.309573444801929e-05, 6.309573444801929e-05,
                   6.309573444801929e-05, 6.309573444801929e-05,
                   0.003981071705534973, 0.003981071705534973,
                   0.003981071705534973, 0.003981071705534973,
                   0.003981071705534973, 0.003981071705534973,
                   0.25118864315095824, 0.25118864315095824,
                   0.25118864315095824, 0.25118864315095824,
                   0.25118864315095824, 0.25118864315095824,
                   15.848931924611142, 15.848931924611142,
                   15.848931924611142, 15.848931924611142,
                   15.848931924611142, 15.848931924611142, 1000.0, 1000.0,
                   1000.0, 1000.0, 1000.0, 1000.0],
             mask=[False, False, False, False, False, False, False, False,
                   False, False, False, False, False, False, False, False,
                   False, False, False, False, False, False, False, False,
                   False, False, False, False, False, False, False, False,
                   False, False, False, False],
       fill_value='?',
            dtype=object), 'rank_test_score': array([36, 35, 34, 33, 32, 31, 30, 25, 24, 23, 22,  9, 29, 21, 17, 13,  8,
        4, 28, 18, 14, 12,  7,  1, 26, 19, 15, 10,  5,  1, 26, 19, 15, 10,
        5,  1], dtype=int32), 'param_pca__n_components': masked_array(data=[5, 20, 40, 64, 100, 300, 5, 20, 40, 64, 100, 300, 5,
                   20, 40, 64, 100, 300, 5, 20, 40, 64, 100, 300, 5, 20,
                   40, 64, 100, 300, 5, 20, 40, 64, 100, 300],
             mask=[False, False, False, False, False, False, False, False,
                   False, False, False, False, False, False, False, False,
                   False, False, False, False, False, False, False, False,
                   False, False, False, False, False, False, False, False,
                   False, False, False, False],
       fill_value='?',
            dtype=object), 'split1_train_score': array([0.231686  , 0.24705985, 0.25459441, 0.25788856, 0.26051701,
       0.2674301 , 0.26328728, 0.34737734, 0.3703933 , 0.39796678,
       0.41567642, 0.44552355, 0.27325614, 0.41953559, 0.43658314,
       0.44417915, 0.4567218 , 0.46945241, 0.27350234, 0.42023073,
       0.43707252, 0.44457974, 0.45703263, 0.4694635 , 0.27350353,
       0.42024276, 0.43707887, 0.44459294, 0.45702081, 0.46945976,
       0.27350353, 0.42024276, 0.43707887, 0.44459294, 0.45702081,
       0.46945976]), 'split2_train_score': array([0.23154516, 0.24831814, 0.25394729, 0.25790259, 0.26049701,
       0.26785333, 0.26817498, 0.35503506, 0.37009642, 0.40055304,
       0.41677903, 0.44362772, 0.27961116, 0.42081568, 0.43307229,
       0.44542727, 0.45484274, 0.46613631, 0.27980697, 0.42140545,
       0.43370503, 0.44584049, 0.45542169, 0.46650676, 0.27981566,
       0.42140622, 0.43373337, 0.44595943, 0.45540846, 0.46650676,
       0.27981566, 0.42140622, 0.43373337, 0.44595943, 0.45540846,
       0.46650676]), 'std_score_time': array([0.09160211, 1.04108131, 0.4449462 , 1.10405184, 0.30272001,
       0.18097313, 0.80786854, 0.69671872, 0.41802397, 0.71058338,
       0.84326518, 0.41556407, 0.20312222, 0.52751938, 0.32847432,
       0.34434452, 0.7798705 , 0.18983598, 0.60025577, 0.19296479,
       0.72151196, 0.73806662, 1.0660977 , 1.04372957, 0.63785125,
       0.60200916, 0.69826279, 0.71712977, 0.76506599, 0.67611269,
       0.28551388, 0.86181368, 0.65017374, 0.59824309, 0.26571185,
       0.92233226]), 'split2_test_score': array([0.23212047, 0.24939287, 0.25565442, 0.25945802, 0.26238961,
       0.26996983, 0.26932723, 0.35749752, 0.37361222, 0.40471707,
       0.42081185, 0.44783841, 0.2809216 , 0.42380715, 0.43792554,
       0.45008819, 0.45952596, 0.47070183, 0.28107092, 0.42448351,
       0.43866678, 0.45030772, 0.45991335, 0.47092194, 0.28108616,
       0.42449562, 0.43866678, 0.45040672, 0.45990631, 0.47092194,
       0.28108616, 0.42449562, 0.43866678, 0.45040672, 0.45990631,
       0.47092194]), 'mean_score_time': array([6.67504176, 6.28349368, 6.684817  , 5.89289403, 7.06580504,
       7.90314889, 6.22198598, 6.77852472, 6.58571005, 6.80249063,
       6.74268039, 7.16614175, 5.85459503, 5.91711966, 5.53500374,
       6.0954179 , 6.52586436, 7.94084875, 6.72606103, 6.03563197,
       6.44518105, 5.96102373, 6.65025504, 6.63245201, 5.85053627,
       6.37245504, 6.89793634, 6.27504094, 6.47007505, 6.68193928,
       6.07685002, 6.38307039, 6.95466534, 6.60743109, 5.85567602,
       7.41377171]), 'mean_fit_time': array([131.27315696, 118.23140438, 111.08056434, 107.49382528,
       112.15058724, 115.70430541, 104.58372045, 109.80869762,
       109.87714394, 116.7596403 , 112.39244302, 127.2788109 ,
       108.13169527, 106.39642207, 108.48841794, 110.88426201,
       114.56674902, 130.06397565, 106.68888927, 103.97784575,
       107.75670727, 114.4587903 , 118.23684525, 128.58025273,
       106.19683234, 107.08321071, 111.05153632, 114.3577834 ,
       114.42651105, 128.82093946, 106.21671732, 108.75793529,
       109.03630431, 113.57625596, 113.71130999, 130.11522897]), 'split0_train_score': array([0.23175274, 0.24734235, 0.25494803, 0.25852743, 0.26097554,
       0.26813551, 0.27542282, 0.3419193 , 0.37079787, 0.39970656,
       0.41689708, 0.4488781 , 0.29395608, 0.4180303 , 0.43608445,
       0.44509245, 0.45711359, 0.47015127, 0.29415291, 0.41862044,
       0.43668585, 0.44563884, 0.4576122 , 0.47023416, 0.29415035,
       0.41863294, 0.43670803, 0.44562729, 0.4576157 , 0.47021824,
       0.29415035, 0.41863294, 0.43670803, 0.44562729, 0.4576157 ,
       0.47021824]), 'std_test_score': array([0.00050352, 0.00122515, 0.00097774, 0.00125806, 0.00136914,
       0.00178035, 0.00503008, 0.00731634, 0.00235463, 0.00380772,
       0.00309767, 0.00222524, 0.00833455, 0.00328368, 0.00203773,
       0.00419702, 0.00305386, 0.00270171, 0.00839832, 0.00333632,
       0.00215027, 0.00406832, 0.00301603, 0.00275574, 0.00839723,
       0.00333971, 0.00215488, 0.00410853, 0.00300469, 0.00275574,
       0.00839723, 0.00333971, 0.00215488, 0.00410853, 0.00300469,
       0.00275574]), 'std_train_score': array([8.65232102e-05, 5.39059903e-04, 4.14364058e-04, 2.97915642e-04,
       2.21017543e-04, 2.89896872e-04, 4.98544727e-03, 5.37952914e-03,
       2.87488982e-04, 1.07662626e-03, 5.49717045e-04, 2.17085933e-03,
       8.65801273e-03, 1.13836343e-03, 1.55090738e-03, 5.27469577e-04,
       9.91137724e-04, 1.75134248e-03, 8.64098900e-03, 1.14160060e-03,
       1.50461582e-03, 5.52957528e-04, 9.26724835e-04, 1.60657491e-03,
       8.63852730e-03, 1.13706166e-03, 1.49735290e-03, 5.81900652e-04,
       9.32467146e-04, 1.60106204e-03, 8.63852730e-03, 1.13706166e-03,
       1.49735290e-03, 5.81900652e-04, 9.32467146e-04, 1.60106204e-03]), 'mean_train_score': array([0.2316613 , 0.24757345, 0.25449658, 0.25810619, 0.26066319,
       0.26780632, 0.26896169, 0.34811057, 0.37042919, 0.39940879,
       0.41645084, 0.44600979, 0.28227446, 0.41946052, 0.43524663,
       0.44489962, 0.45622604, 0.46858   , 0.28248741, 0.42008554,
       0.43582113, 0.44535302, 0.45668884, 0.46873481, 0.28248985,
       0.42009397, 0.43584009, 0.44539322, 0.45668166, 0.46872825,
       0.28248985, 0.42009397, 0.43584009, 0.44539322, 0.45668166,
       0.46872825]), 'split0_test_score': array([0.23179144, 0.24675167, 0.25439595, 0.2580087 , 0.26006335,
       0.26707703, 0.27506377, 0.33961294, 0.36815056, 0.39642137,
       0.41388147, 0.44447377, 0.29310895, 0.41576472, 0.43305182,
       0.44011183, 0.45205479, 0.46435548, 0.29343098, 0.41631992,
       0.43357618, 0.44060213, 0.45253087, 0.46448209, 0.29343667,
       0.41632584, 0.43356603, 0.44061518, 0.45255162, 0.46448209,
       0.29343667, 0.41632584, 0.43356603, 0.44061518, 0.45255162,
       0.46448209]), 'mean_test_score': array([0.23161282, 0.24766097, 0.25443696, 0.2579483 , 0.26052911,
       0.26758137, 0.26904774, 0.34822417, 0.37034629, 0.39933855,
       0.41645487, 0.44491817, 0.28228724, 0.41975098, 0.43517764,
       0.4443834 , 0.45568311, 0.4669871 , 0.2825039 , 0.42029292,
       0.43573122, 0.44480241, 0.45614167, 0.46711798, 0.28251326,
       0.42028937, 0.43572447, 0.44483977, 0.45614858, 0.46711798,
       0.28251326, 0.42028937, 0.43572447, 0.44483977, 0.45614858,
       0.46711798]), 'params': [{'logistic__C': 1e-06, 'pca__n_components': 5}, {'logistic__C': 1e-06, 'pca__n_components': 20}, {'logistic__C': 1e-06, 'pca__n_components': 40}, {'logistic__C': 1e-06, 'pca__n_components': 64}, {'logistic__C': 1e-06, 'pca__n_components': 100}, {'logistic__C': 1e-06, 'pca__n_components': 300}, {'logistic__C': 6.309573444801929e-05, 'pca__n_components': 5}, {'logistic__C': 6.309573444801929e-05, 'pca__n_components': 20}, {'logistic__C': 6.309573444801929e-05, 'pca__n_components': 40}, {'logistic__C': 6.309573444801929e-05, 'pca__n_components': 64}, {'logistic__C': 6.309573444801929e-05, 'pca__n_components': 100}, {'logistic__C': 6.309573444801929e-05, 'pca__n_components': 300}, {'logistic__C': 0.003981071705534973, 'pca__n_components': 5}, {'logistic__C': 0.003981071705534973, 'pca__n_components': 20}, {'logistic__C': 0.003981071705534973, 'pca__n_components': 40}, {'logistic__C': 0.003981071705534973, 'pca__n_components': 64}, {'logistic__C': 0.003981071705534973, 'pca__n_components': 100}, {'logistic__C': 0.003981071705534973, 'pca__n_components': 300}, {'logistic__C': 0.25118864315095824, 'pca__n_components': 5}, {'logistic__C': 0.25118864315095824, 'pca__n_components': 20}, {'logistic__C': 0.25118864315095824, 'pca__n_components': 40}, {'logistic__C': 0.25118864315095824, 'pca__n_components': 64}, {'logistic__C': 0.25118864315095824, 'pca__n_components': 100}, {'logistic__C': 0.25118864315095824, 'pca__n_components': 300}, {'logistic__C': 15.848931924611142, 'pca__n_components': 5}, {'logistic__C': 15.848931924611142, 'pca__n_components': 20}, {'logistic__C': 15.848931924611142, 'pca__n_components': 40}, {'logistic__C': 15.848931924611142, 'pca__n_components': 64}, {'logistic__C': 15.848931924611142, 'pca__n_components': 100}, {'logistic__C': 15.848931924611142, 'pca__n_components': 300}, {'logistic__C': 1000.0, 'pca__n_components': 5}, {'logistic__C': 1000.0, 'pca__n_components': 20}, {'logistic__C': 1000.0, 'pca__n_components': 40}, {'logistic__C': 1000.0, 'pca__n_components': 64}, {'logistic__C': 1000.0, 'pca__n_components': 100}, {'logistic__C': 1000.0, 'pca__n_components': 300}], 'std_fit_time': array([2.90441853, 3.83524258, 2.20053545, 3.15675706, 4.30943421,
       1.85464468, 3.18961791, 2.67327798, 0.60052896, 4.9321552 ,
       3.7164522 , 3.07823476, 0.25888465, 4.56757464, 0.28012601,
       2.58888069, 5.31193098, 0.83132739, 1.33019101, 2.85960784,
       1.56883488, 2.34473826, 3.79331666, 1.41258826, 3.44307019,
       2.86716054, 0.64172789, 1.28919883, 0.85601128, 1.3861297 ,
       1.25001696, 0.96285935, 1.44540613, 2.34757906, 2.1506211 ,
       1.58552238]), 'split1_test_score': array([0.23092653, 0.24683837, 0.25326051, 0.25637819, 0.25913437,
       0.26569726, 0.26275215, 0.34756215, 0.36927611, 0.39687725,
       0.41467133, 0.44244233, 0.27283106, 0.41968112, 0.43455558,
       0.44295022, 0.45546863, 0.46590404, 0.27300967, 0.42007536,
       0.43495072, 0.44349744, 0.45598083, 0.46594993, 0.27301681,
       0.42004671, 0.43494062, 0.44349744, 0.45598784, 0.46594993,
       0.27301681, 0.42004671, 0.43494062, 0.44349744, 0.45598784,
       0.46594993])}

#########
# Train #
#########
accuracy: 0.8133509748887761
confusion matrix:
[[391643  87992]
 [ 12025  44196]]
report:
             precision    recall  f1-score   support

          0       0.97      0.82      0.89    479635
          1       0.33      0.79      0.47     56221

avg / total       0.90      0.81      0.84    535856


########
# Test #
########
accuracy: 0.8159477163192528
confusion matrix:
[[49095 10887]
 [ 1448  5589]]report:
             precision    recall  f1-score   support

          0       0.97      0.82      0.89     59982
          1       0.34      0.79      0.48      7037

avg / total       0.90      0.82      0.85     67019
