estimator cv:
{'std_train_score': array([6.15490953e-05, 6.15490953e-05, 2.57812740e-01, 9.89137712e-02,
       8.39596708e-02, 6.17860743e-02, 6.15490953e-05, 6.15490953e-05,
       2.35605560e-01, 9.16376618e-02, 5.46351078e-02, 1.24544750e-02,
       6.15490953e-05, 6.15490953e-05, 2.33372639e-01, 1.06113583e-01,
       4.19733172e-02, 3.93847723e-03, 6.15490953e-05, 6.15490953e-05,
       2.25406180e-01, 5.48892930e-02, 3.26745846e-02, 2.55030588e-03,
       6.15490953e-05, 6.15490953e-05, 2.26592664e-01, 3.61594601e-02,
       1.35237245e-02, 1.41191771e-03, 6.15490953e-05, 6.15490953e-05,
       2.40953800e-01, 1.90361649e-02, 6.30409191e-03, 1.22413464e-03]), 'rank_test_score': array([ 1,  1, 31, 29, 26, 23,  1,  1, 32, 25, 22, 21,  1,  1, 33, 24, 20,
       17,  1,  1, 34, 27, 19, 14,  1,  1, 35, 28, 18, 16,  1,  1, 36, 30,
       13, 15], dtype=int32), 'param_pca__n_components': masked_array(data=[5, 5, 5, 5, 5, 5, 20, 20, 20, 20, 20, 20, 40, 40, 40,
                   40, 40, 40, 64, 64, 64, 64, 64, 64, 100, 100, 100, 100,
                   100, 100, 300, 300, 300, 300, 300, 300],
             mask=[False, False, False, False, False, False, False, False,
                   False, False, False, False, False, False, False, False,
                   False, False, False, False, False, False, False, False,
                   False, False, False, False, False, False, False, False,
                   False, False, False, False],
       fill_value='?',
            dtype=object), 'split1_train_score': array([0.91304348, 0.91304348, 0.69865067, 0.82158921, 0.84557721,
       0.91004498, 0.91304348, 0.91304348, 0.6011994 , 0.7976012 ,
       0.94752624, 0.98350825, 0.91304348, 0.91304348, 0.59370315,
       0.78410795, 0.95952024, 0.994003  , 0.91304348, 0.91304348,
       0.5802099 , 0.76761619, 0.97151424, 0.994003  , 0.91304348,
       0.91304348, 0.57721139, 0.76611694, 0.97001499, 0.99550225,
       0.91304348, 0.91304348, 0.5952024 , 0.76311844, 0.982009  ,
       0.99850075]), 'split2_train_score': array([0.91304348, 0.91304348, 0.52923538, 0.71064468, 0.82758621,
       0.86656672, 0.91304348, 0.91304348, 0.57121439, 0.83958021,
       0.90704648, 0.97301349, 0.91304348, 0.91304348, 0.56971514,
       0.87856072, 0.93853073, 0.9850075 , 0.91304348, 0.91304348,
       0.54872564, 0.75562219, 0.94752624, 0.988006  , 0.91304348,
       0.91304348, 0.55772114, 0.73463268, 0.95502249, 0.99250375,
       0.91304348, 0.91304348, 0.6011994 , 0.74962519, 0.97751124,
       0.99550225]), 'std_score_time': array([1.15218595e-03, 3.46691185e-05, 3.30087076e-04, 1.76373464e-04,
       2.38022979e-04, 2.97556002e-04, 4.01414260e-05, 1.00204908e-04,
       1.05584963e-03, 2.35966337e-04, 4.82238025e-04, 1.89748572e-04,
       2.86420605e-04, 6.11447470e-05, 2.55173480e-05, 3.38741111e-04,
       6.66908955e-04, 6.49763530e-04, 9.20243384e-04, 1.75087338e-03,
       2.29815174e-04, 1.67650211e-03, 4.32646204e-04, 1.80113310e-04,
       1.73895370e-04, 1.86579790e-03, 3.31991743e-04, 8.42176320e-04,
       4.19604477e-04, 7.93110559e-04, 1.00931830e-03, 2.54211438e-03,
       1.53232930e-03, 1.50437624e-03, 9.12737919e-03, 8.47520364e-03]), 'split2_test_score': array([0.91291291, 0.91291291, 0.52852853, 0.68768769, 0.75375375,
       0.7987988 , 0.91291291, 0.91291291, 0.58858859, 0.81381381,
       0.83183183, 0.81981982, 0.91291291, 0.91291291, 0.59459459,
       0.85285285, 0.87087087, 0.87687688, 0.91291291, 0.91291291,
       0.56456456, 0.73273273, 0.85885886, 0.86186186, 0.91291291,
       0.91291291, 0.53153153, 0.72372372, 0.87387387, 0.88288288,
       0.91291291, 0.91291291, 0.4954955 , 0.69069069, 0.89189189,
       0.87087087]), 'param_svm__C': masked_array(data=[1e-06, 6.309573444801929e-05, 0.003981071705534973,
                   0.25118864315095824, 15.848931924611142, 1000.0, 1e-06,
                   6.309573444801929e-05, 0.003981071705534973,
                   0.25118864315095824, 15.848931924611142, 1000.0, 1e-06,
                   6.309573444801929e-05, 0.003981071705534973,
                   0.25118864315095824, 15.848931924611142, 1000.0, 1e-06,
                   6.309573444801929e-05, 0.003981071705534973,
                   0.25118864315095824, 15.848931924611142, 1000.0, 1e-06,
                   6.309573444801929e-05, 0.003981071705534973,
                   0.25118864315095824, 15.848931924611142, 1000.0, 1e-06,
                   6.309573444801929e-05, 0.003981071705534973,
                   0.25118864315095824, 15.848931924611142, 1000.0],
             mask=[False, False, False, False, False, False, False, False,
                   False, False, False, False, False, False, False, False,
                   False, False, False, False, False, False, False, False,
                   False, False, False, False, False, False, False, False,
                   False, False, False, False],
       fill_value='?',
            dtype=object), 'mean_fit_time': array([0.1292359 , 0.13053862, 0.14663498, 0.13110439, 0.12652667,
       0.16108727, 0.13654176, 0.13694008, 0.13693698, 0.13700565,
       0.12865973, 0.1286757 , 0.13759335, 0.13205171, 0.13818669,
       0.13648399, 0.12591457, 0.13133176, 0.1561954 , 0.14707963,
       0.14375035, 0.15382107, 0.12392934, 0.12551761, 0.16377942,
       0.16846999, 0.16752299, 0.18256625, 0.15829134, 0.15114427,
       0.29916867, 0.29347197, 0.29628857, 0.2964557 , 0.19868636,
       0.1945463 ]), 'split0_train_score': array([0.91291291, 0.91291291, 0.08708709, 0.57957958, 0.65915916,
       0.76276276, 0.91291291, 0.91291291, 0.08708709, 0.62762763,
       0.81681682, 0.95345345, 0.91291291, 0.91291291, 0.08708709,
       0.62162162, 0.86186186, 0.98648649, 0.91291291, 0.91291291,
       0.08708709, 0.64564565, 0.89339339, 0.98948949, 0.91291291,
       0.91291291, 0.08708709, 0.67867868, 0.93693694, 0.9954955 ,
       0.91291291, 0.91291291, 0.08708709, 0.71771772, 0.96696697,
       0.996997  ]), 'mean_score_time': array([0.00544333, 0.00464733, 0.00489203, 0.00418353, 0.00311526,
       0.00286269, 0.00769432, 0.00777332, 0.00845567, 0.00677101,
       0.00413036, 0.00272266, 0.01304436, 0.01283201, 0.01298134,
       0.01165096, 0.00607101, 0.00472959, 0.01864068, 0.019641  ,
       0.01834496, 0.017687  , 0.00749095, 0.00606775, 0.02812028,
       0.02920572, 0.02826166, 0.02829003, 0.01052062, 0.00802167,
       0.08500036, 0.08459997, 0.0838894 , 0.08215936, 0.04014953,
       0.02724632]), 'std_test_score': array([1.22975231e-04, 1.22975231e-04, 2.41673526e-01, 1.15313752e-01,
       8.50949610e-02, 8.60019391e-02, 1.22975231e-04, 1.22975231e-04,
       2.31193567e-01, 1.09134002e-01, 3.37461541e-02, 1.11877849e-02,
       1.22975231e-04, 1.22975231e-04, 2.29598043e-01, 1.21742777e-01,
       3.18092818e-02, 3.90353185e-03, 1.22975231e-04, 1.22975231e-04,
       2.19224363e-01, 6.21782470e-02, 1.99081367e-02, 1.60748550e-02,
       1.22975231e-04, 1.22975231e-04, 2.06290780e-01, 6.77802189e-02,
       1.51227497e-03, 1.03175115e-02, 1.22975231e-04, 1.22975231e-04,
       1.90655531e-01, 6.14952947e-02, 1.00041575e-02, 1.50613880e-02]), 'mean_train_score': array([0.91299996, 0.91299996, 0.43832438, 0.70393782, 0.77744086,
       0.84645815, 0.91299996, 0.91299996, 0.41983363, 0.75493635,
       0.89046318, 0.96999173, 0.91299996, 0.91299996, 0.41683513,
       0.7614301 , 0.91997095, 0.98849899, 0.91299996, 0.91299996,
       0.40534087, 0.72296134, 0.93747796, 0.99049949, 0.91299996,
       0.91299996, 0.40733987, 0.7264761 , 0.95399147, 0.9945005 ,
       0.91299996, 0.91299996, 0.42782963, 0.74348712, 0.97549574,
       0.997     ]), 'split0_test_score': array([0.91317365, 0.91317365, 0.08682635, 0.49401198, 0.5748503 ,
       0.62275449, 0.91317365, 0.91317365, 0.08682635, 0.5508982 ,
       0.76347305, 0.82934132, 0.91317365, 0.91317365, 0.08682635,
       0.55688623, 0.80838323, 0.88323353, 0.91317365, 0.91317365,
       0.08682635, 0.59281437, 0.84431138, 0.9011976 , 0.91317365,
       0.91317365, 0.08682635, 0.56287425, 0.8742515 , 0.88922156,
       0.91317365, 0.91317365, 0.08682635, 0.54790419, 0.91616766,
       0.9011976 ]), 'mean_test_score': array([0.913, 0.913, 0.421, 0.65 , 0.695, 0.744, 0.913, 0.913, 0.413,
       0.696, 0.811, 0.832, 0.913, 0.913, 0.41 , 0.715, 0.853, 0.878,
       0.913, 0.913, 0.396, 0.68 , 0.865, 0.882, 0.913, 0.913, 0.378,
       0.655, 0.873, 0.879, 0.913, 0.913, 0.356, 0.633, 0.905, 0.88 ]), 'params': [{'pca__n_components': 5, 'svm__C': 1e-06}, {'pca__n_components': 5, 'svm__C': 6.309573444801929e-05}, {'pca__n_components': 5, 'svm__C': 0.003981071705534973}, {'pca__n_components': 5, 'svm__C': 0.25118864315095824}, {'pca__n_components': 5, 'svm__C': 15.848931924611142}, {'pca__n_components': 5, 'svm__C': 1000.0}, {'pca__n_components': 20, 'svm__C': 1e-06}, {'pca__n_components': 20, 'svm__C': 6.309573444801929e-05}, {'pca__n_components': 20, 'svm__C': 0.003981071705534973}, {'pca__n_components': 20, 'svm__C': 0.25118864315095824}, {'pca__n_components': 20, 'svm__C': 15.848931924611142}, {'pca__n_components': 20, 'svm__C': 1000.0}, {'pca__n_components': 40, 'svm__C': 1e-06}, {'pca__n_components': 40, 'svm__C': 6.309573444801929e-05}, {'pca__n_components': 40, 'svm__C': 0.003981071705534973}, {'pca__n_components': 40, 'svm__C': 0.25118864315095824}, {'pca__n_components': 40, 'svm__C': 15.848931924611142}, {'pca__n_components': 40, 'svm__C': 1000.0}, {'pca__n_components': 64, 'svm__C': 1e-06}, {'pca__n_components': 64, 'svm__C': 6.309573444801929e-05}, {'pca__n_components': 64, 'svm__C': 0.003981071705534973}, {'pca__n_components': 64, 'svm__C': 0.25118864315095824}, {'pca__n_components': 64, 'svm__C': 15.848931924611142}, {'pca__n_components': 64, 'svm__C': 1000.0}, {'pca__n_components': 100, 'svm__C': 1e-06}, {'pca__n_components': 100, 'svm__C': 6.309573444801929e-05}, {'pca__n_components': 100, 'svm__C': 0.003981071705534973}, {'pca__n_components': 100, 'svm__C': 0.25118864315095824}, {'pca__n_components': 100, 'svm__C': 15.848931924611142}, {'pca__n_components': 100, 'svm__C': 1000.0}, {'pca__n_components': 300, 'svm__C': 1e-06}, {'pca__n_components': 300, 'svm__C': 6.309573444801929e-05}, {'pca__n_components': 300, 'svm__C': 0.003981071705534973}, {'pca__n_components': 300, 'svm__C': 0.25118864315095824}, {'pca__n_components': 300, 'svm__C': 15.848931924611142}, {'pca__n_components': 300, 'svm__C': 1000.0}], 'std_fit_time': array([0.01435379, 0.01138345, 0.01632977, 0.01348247, 0.00553819,
       0.01448533, 0.01095307, 0.00751321, 0.00630051, 0.00585674,
       0.00668048, 0.01011737, 0.00754958, 0.00047493, 0.00856998,
       0.00848299, 0.01101166, 0.0083678 , 0.00733584, 0.00293963,
       0.00135146, 0.00774912, 0.00169061, 0.00022565, 0.00288725,
       0.0027119 , 0.00256218, 0.01853634, 0.01054172, 0.01574152,
       0.00737933, 0.0072135 , 0.00658345, 0.00973289, 0.02338653,
       0.03764534]), 'split1_test_score': array([0.91291291, 0.91291291, 0.64864865, 0.76876877, 0.75675676,
       0.81081081, 0.91291291, 0.91291291, 0.56456456, 0.72372372,
       0.83783784, 0.84684685, 0.91291291, 0.91291291, 0.54954955,
       0.73573574, 0.87987988, 0.87387387, 0.91291291, 0.91291291,
       0.53753754, 0.71471471, 0.89189189, 0.88288288, 0.91291291,
       0.91291291, 0.51651652, 0.67867868, 0.87087087, 0.86486486,
       0.91291291, 0.91291291, 0.48648649, 0.66066066, 0.90690691,
       0.86786787])}

#########
# Train #
#########
accuracy: 0.913
confusion matrix:
[[913   0]
 [ 87   0]]
report:
             precision    recall  f1-score   support

          0       0.91      1.00      0.95       913
          1       0.00      0.00      0.00        87

avg / total       0.83      0.91      0.87      1000


########
# Test #
########
accuracy: 0.875
confusion matrix:
[[875   0]
 [125   0]]report:
             precision    recall  f1-score   support

          0       0.88      1.00      0.93       875
          1       0.00      0.00      0.00       125

avg / total       0.77      0.88      0.82      1000
